11.092936600676463
8.172058112529374
10.010010567253145
9.870516479254624
6.988341997478516
11.075994357322067
10.641422201997697
14.778224086481373
10.405938354619929
9.710595383670158
12.465514350057848
10.397582496386852
11.818062052306418
9.268911467534966
10.436343626721165
12.048577356974036
11.392494044905924
10.256944497265712
7.835383950807911
10.890443544722096
10.153726963438505
11.440935193718508
10.432465875600146
12.176370822271046
9.896879469152148
10.403928120158843
11.333552877251298
7.826230775651041
9.196679479851962
8.999942862095264
13.961231439046493
9.81427594868783
11.304440447615145
11.238750124347439
9.438253139626214
6.898326345739106
11.929687941352286
9.185606460672815
11.435913313489799
7.389470349780071
9.12403399606034
12.513642689210723
12.862007976105037
7.395082757723285
7.334385041822113
9.911471124796336
11.45648264663744
10.32100935875866
10.607109415653968
8.022327150050774
11.173583427627607
12.233704682273672
9.128654959432033
7.133023872673068
8.482358352632502
11.523316011673966
6.532605616327132
9.816246424388792
8.017983429709012
9.737731116044563
9.510956826503923
10.031713566544632
13.002414792606801
10.841420887215762
12.667425490730452
9.717174571393093
9.040826784346068
10.757621164531978
4.328418426639925
9.920222370615866
10.320339578150454
7.529582511972917
10.928730445145101
8.88151039134608
5.081799619446086
9.573363219264106
8.042308511406441
8.958808254799708
9.69543116258926
12.501950698467645
10.206296357883181
9.943028750032651
10.778008832334775
6.37581526835077
12.480247741247137
7.845826159407032
10.878190142270014
7.746439009062726
8.04702927077812
9.207424249456999
13.791496925236892
11.39532886893695
8.791607011902666
9.431379599607533
7.697202531562031
9.931679978963855
8.853855140499677
11.443775805262453
7.285864879602156
9.330713592880336
8.31598280626178
8.562583081996282
11.42232310660464
10.252611508926712
11.170398212562327
12.37814969807393
12.299139463023787
7.256414557169078
11.073931380300015
6.477463086157076
9.87227995818388
13.83823658666309
9.61268280929118
9.26161612280816
10.340661678864945
10.03585684501928
10.05318747093746
8.485428291384203
12.163493397644036
11.778119583012833
9.575541233882092
10.62947009262531
11.316894363655019
12.064341240672261
10.78550870672114
11.390203219166851
9.473578666332257
7.861248516071058
9.009338547664143
12.03831805674157
11.955445294705477
10.292538023319784
8.865203500750019
10.61535653417777
13.326865180999734
12.70890051511893
8.632883419426108
9.912988067344374
7.096582146761824
7.728865458996136
10.376503417887827
10.049530975061337
11.929511741316992
12.535252776067022
11.66982203179626
12.639554141841403
8.905826518415907
7.742299333104135
11.001065545693331
15.35737321005579
10.713575457271203
7.696505142556536
10.484784040215096
12.851226937814747
7.931295325271595
11.606776189789631
8.777668368309712
12.545671652553313
11.570880554247081
10.60812636413521
14.00012107057584
9.182180545101769
8.627815621103307
13.709658887367548
8.247160002671144
14.3977858225854
9.919739990049994
7.926656610197584
9.996132767704927
10.260991264851032
10.402290170801704
9.616079249214861
12.162484022624394
5.360229488455519
8.890794372517366
9.475657091488163
13.639342266430141
6.01457694757687
9.320549093171701
7.713785038811638
8.670392078279418
11.280906426504757
10.821830383469116
12.880141287172917
8.800907571721158
10.537333550646059
12.346784606825342
11.806792482590907
9.327994363294875
12.256188215737307
8.152398310054924
13.606736369039742
10.308743569548739
9.774729688266325
10.541693419945915
11.698074644340437
13.482980011678539
9.715966190976332
9.264863673531218
11.173070209944191
