 # theta_pol,  R,   Z
  -3.1415926535897931        1.3257323823880351       -1.9963708419233956E-016
  -3.0434178831651120        1.3272935896427041      -0.15978367076849259     
  -2.9452431127404308        1.3319936690863206      -0.31802853744084503     
  -2.8470683423157501        1.3398813189160306      -0.47321061544555854     
  -2.7488935718910690        1.3510354376940295      -0.62383541654029606     
  -2.6507188014663878        1.3655616744427528      -0.76845234155062281     
  -2.5525440310417071        1.3835875030420248      -0.90566865043303579     
  -2.4543692606170260        1.4052557455967598       -1.0341628751229339     
  -2.3561944901923448        1.4307164768111322       -1.1526975459944648     
  -2.2580197197676637        1.4601172697686433       -1.2601311093694934     
  -2.1598449493429825        1.4935917963826562       -1.3554289213035582     
  -2.0616701789183018        1.5312468754324695       -1.4376732117726503     
  -1.9634954084936207        1.5731481679923620       -1.5060719233002513     
  -1.8653206380689396        1.6193048521464108       -1.5599663389038105     
  -1.7671458676442586        1.6696537609398869       -1.5988374258993814     
  -1.6689710972195777        1.7240436306249147       -1.6223108344700989     
  -1.5707963267948966        1.7822202675413175       -1.6301605028595567     
  -1.4726215563702154        1.8438135848180974       -1.6223108344700987     
  -1.3744467859455345        1.9083275649382525       -1.5988374258993814     
  -1.2762720155208536        1.9751342501093012       -1.5599663389038105     
  -1.1780972450961724        2.0434728291546835       -1.5060719233002513     
  -1.0799224746714913        2.1124547607305102       -1.4376732117726503     
 -0.98174770424681035        2.1810756382604675       -1.3554289213035577     
 -0.88357293382212931        2.2482341620069906       -1.2601311093694931     
 -0.78539816339744828        2.3127581502225882       -1.1526975459944646     
 -0.68722339297276724        2.3734370196924068       -1.0341628751229339     
 -0.58904862254808621        2.4290596342413129      -0.90566865043303579     
 -0.49087385212340517        2.4784559061187439      -0.76845234155062236     
 -0.39269908169872414        2.5205400933091715      -0.62383541654029595     
 -0.29452431127404310        2.5543534187745647      -0.47321061544555842     
 -0.19634954084936207        2.5791034906738215      -0.31802853744084447     
  -9.8174770424681035E-002   2.5941980563081857      -0.15978367076849223     
   0.0000000000000000        2.5992708872908823        0.0000000000000000     
   9.8174770424681035E-002   2.5941980563081857       0.15978367076849223     
  0.19634954084936207        2.5791034906738215       0.31802853744084447     
  0.29452431127404310        2.5543534187745647       0.47321061544555842     
  0.39269908169872414        2.5205400933091715       0.62383541654029595     
  0.49087385212340517        2.4784559061187439       0.76845234155062236     
  0.58904862254808621        2.4290596342413129       0.90566865043303579     
  0.68722339297276724        2.3734370196924068        1.0341628751229339     
  0.78539816339744828        2.3127581502225882        1.1526975459944646     
  0.88357293382212931        2.2482341620069906        1.2601311093694931     
  0.98174770424681035        2.1810756382604675        1.3554289213035577     
   1.0799224746714913        2.1124547607305102        1.4376732117726503     
   1.1780972450961724        2.0434728291546835        1.5060719233002513     
   1.2762720155208536        1.9751342501093012        1.5599663389038105     
   1.3744467859455345        1.9083275649382525        1.5988374258993814     
   1.4726215563702154        1.8438135848180974        1.6223108344700987     
   1.5707963267948966        1.7822202675413175        1.6301605028595567     
   1.6689710972195777        1.7240436306249147        1.6223108344700989     
   1.7671458676442586        1.6696537609398869        1.5988374258993814     
   1.8653206380689396        1.6193048521464108        1.5599663389038105     
   1.9634954084936207        1.5731481679923620        1.5060719233002513     
   2.0616701789183018        1.5312468754324695        1.4376732117726503     
   2.1598449493429825        1.4935917963826562        1.3554289213035582     
   2.2580197197676637        1.4601172697686433        1.2601311093694934     
   2.3561944901923448        1.4307164768111322        1.1526975459944648     
   2.4543692606170260        1.4052557455967598        1.0341628751229339     
   2.5525440310417071        1.3835875030420248       0.90566865043303579     
   2.6507188014663878        1.3655616744427528       0.76845234155062281     
   2.7488935718910690        1.3510354376940295       0.62383541654029606     
   2.8470683423157501        1.3398813189160306       0.47321061544555854     
   2.9452431127404308        1.3319936690863206       0.31802853744084503     
   3.0434178831651120        1.3272935896427041       0.15978367076849259     
   3.1415926535897931        1.3257323823880351        1.9963708419233956E-016
