 All lengths normalized to the avg midplane minor radius
 avgrmid =    1.0000000000000000       meters
 rp of rho =   0.63676925245142346     
 Rcenter(rho) =    1.9625016348394586     
 R_geo =    1.9625016348394586       !or    1.9625016348394586     
 drhodrp=   1.0000000000000000     
 q=    3.4933206935065555     
 dpsidrp=   0.54429951477833072     

 Quantity, equilibrium value, value used
 d beta/d rho =    0.0000000000000000      ,  -0.50449999999999995     
 s_hat    11.417297601213049      ,    1.2049768696748901     

 i,theta,grads1,2=  
         -96  -9.4247779607693793        44.527676982949032       -3.7999332881313292     
         -95  -9.3266031903446986        43.902657245221292       -3.8071388431636608     
         -94  -9.2284284199200179        43.018179199088365       -3.8290911969508379     
         -93  -9.1302536494953372        41.885704883296228       -3.8668201364386721     
         -92  -9.0320788790706548        40.514953458284111       -3.9221178483683081     
         -91  -8.9339041086459741        38.914023386574797       -3.9976515093716478     
         -90  -8.8357293382212934        37.089788690777084       -4.0971105420033584     
         -89  -8.7375545677966127        35.048640865199090       -4.2253514729553858     
         -88  -8.6393797973719302        32.797739068871351       -4.3884256939320139     
         -87  -8.5412050269472495        30.347142915296828       -4.5931694081827095     
         -86  -8.4430302565225688        27.713782131906228       -4.8455165041278851     
         -85  -8.3448554860978881        24.929894521983329       -5.1455124096845912     
         -84  -8.2466807156732074        22.062916950711738       -5.4749759003559921     
         -83  -8.1485059452485267        19.260237192751077       -5.7736348338122490     
         -82  -8.0503311748238442        16.818104865169111       -5.9155920758582514     
         -81  -7.9521564043991635        15.188553999860751       -5.7454401001250339     
         -80  -7.8539816339744828        14.802370686562014       -5.2176223963738932     
         -79  -7.7558068635498021        15.841681953856110       -4.4750699931723634     
         -78  -7.6576320931251205        18.192217374118940       -3.7170602512358935     
         -77  -7.5594573227004398        21.568407137389357       -3.0594918272074079     
         -76  -7.4612825522757582        25.667001703939917       -2.5307288322764885     
         -75  -7.3631077818510775        30.236746379589974       -2.1182168176799561     
         -74  -7.2649330114263968        35.078876665176779       -1.7992125468754034     
         -73  -7.1667582410017152        40.028731103609147       -1.5525099070908186     
         -72  -7.0685834705770345        44.940923944715493       -1.3612509556416965     
         -71  -6.9704087001523538        49.681574502139213       -1.2127637834289491     
         -70  -6.8722339297276722        54.125905130059920       -1.0977133647496682     
         -69  -6.7740591593029915        58.159072838419775       -1.0092723864838637     
         -68  -6.6758843888783108        61.678531567792476      -0.94247310190547351     
         -67  -6.5777096184536292        64.596689993378817      -0.89373948823784011     
         -66  -6.4795348480289485        66.843079386807233      -0.86056294686152790     
         -65  -6.3813600776042669        68.365697610867869      -0.84128530934365342     
         -64  -6.2831853071795862        69.131596158581999      -0.83496174071845364     
         -63  -6.1850105367549055        69.127025356726108      -0.84128530934365342     
         -62  -6.0868357663302239        68.357472066073143      -0.86056294686152790     
         -61  -5.9886609959055432        66.847729393445974      -0.89373948823784011     
         -60  -5.8904862254808616        64.641846428726325      -0.94247310190547351     
         -59  -5.7923114550561809        61.802581981739138       -1.0092723864838637     
         -58  -5.6941366846315002        58.409952715614537       -1.0977133647496682     
         -57  -5.5959619142068187        54.558641698732572       -1.2127637834289491     
         -56  -5.4977871437821380        50.354331951193558       -1.3612509556416965     
         -55  -5.3996123733574573        45.909313493412782       -1.5525099070908186     
         -54  -5.3014376029327757        41.337861566921944       -1.7992125468754034     
         -53  -5.2032628325080950        36.751849282839885       -2.1182168176799561     
         -52  -5.1050880620834143        32.256942110442559       -2.5307288322764885     
         -51  -5.0069132916587327        27.950099676260201       -3.0594918272074079     
         -50  -4.9087385212340520        23.921918095657915       -3.7170602512358935     
         -49  -4.8105637508093704        20.274678750295251       -4.4750699931723634     
         -48  -4.7123889803846897        17.161706681372042       -5.2176223963738932     
         -47  -4.6142142099600090        14.786182712006031       -5.7454401001250339     
         -46  -4.5160394395353274        13.282000050192106       -5.9155920758582514     
         -45  -4.4178646691106467        12.613260565676359       -5.7736348338122490     
         -44  -4.3196898986859651        12.601026403571833       -5.4749759003559921     
         -43  -4.2215151282612844        13.005296716710255       -5.1455124096845912     
         -42  -4.1233403578366037        13.608856194467098       -4.8455165041278851     
         -41  -4.0251655874119230        14.256039120048481       -4.5931694081827095     
         -40  -3.9269908169872414        14.849561014167385       -4.3884256939320139     
         -39  -3.8288160465625602        15.334144024712906       -4.2253514729553858     
         -38  -3.7306412761378791        15.681824384035700       -4.0971105420033584     
         -37  -3.6324665057131984        15.881803423778670       -3.9976515093716478     
         -36  -3.5342917352885173        15.933954782183434       -3.9221178483683081     
         -35  -3.4361169648638361        15.844723217393579       -3.8668201364386721     
         -34  -3.3379421944391554        15.624498528457103       -3.8290911969508379     
         -33  -3.2397674240144743        15.285890666240206       -3.8071388431636608     
         -32  -3.1415926535897931        14.842558994316377       -3.7999332881313292     
         -31  -3.0434178831651120        14.308383289490585       -3.8071388431636608     
         -30  -2.9452431127404308        13.696840335315663       -3.8290911969508379     
         -29  -2.8470683423157501        13.020490832951374       -3.8668201364386721     
         -28  -2.7488935718910690        12.290499338050353       -3.9221178483683081     
         -27  -2.6507188014663878        11.516109981398110       -3.9976515093716478     
         -26  -2.5525440310417071        10.703982153370728       -4.0971105420033584     
         -25  -2.4543692606170260        9.8572484202431312       -4.2253514729553858     
         -24  -2.3561944901923448        8.9740890273520293       -4.3884256939320139     
         -23  -2.2580197197676637        8.0455518976242146       -4.5931694081827095     
         -22  -2.1598449493429825        7.0524629687196061       -4.8455165041278851     
         -21  -2.0616701789183018        5.9622989026365563       -5.1455124096845912     
         -20  -1.9634954084936207        4.7309452735699651       -5.4749759003559921     
         -19  -1.8653206380689396        3.3234883135373785       -5.7736348338122490     
         -18  -1.7671458676442586        1.7680524074885220       -5.9155920758582514     
         -17  -1.6689710972195777       0.20118564392738758       -5.7454401001250339     
         -16  -1.5707963267948966       -1.1796679974049988       -5.2176223963738932     
         -15  -1.4726215563702154       -2.2164983982195507       -4.4750699931723634     
         -14  -1.3744467859455345       -2.8648503607694571       -3.7170602512358935     
         -13  -1.2762720155208536       -3.1908462694353954       -3.0594918272074079     
         -12  -1.1780972450961724       -3.2949702032512995       -2.5307288322764885     
         -11  -1.0799224746714913       -3.2575514516249040       -2.1182168176799561     
         -10 -0.98174770424681035       -3.1294924508725419       -1.7992125468754034     
          -9 -0.88357293382212931       -2.9402911949017918       -1.5525099070908186     
          -8 -0.78539816339744828       -2.7067040032389937       -1.3612509556416965     
          -7 -0.68722339297276724       -2.4385335982966345       -1.2127637834289491     
          -6 -0.58904862254808621       -2.1420237927773083       -1.0977133647496682     
          -5 -0.49087385212340517       -1.8217545716596710       -1.0092723864838637     
          -4 -0.39269908169872414       -1.4816574304668972      -0.94247310190547351     
          -3 -0.29452431127404310       -1.1255197000336061      -0.89373948823784011     
          -2 -0.19634954084936207      -0.75719633963294830      -0.86056294686152790     
          -1  -9.8174770424681035E-002 -0.38066387292911497      -0.84128530934365342     
           0   0.0000000000000000        0.0000000000000000      -0.83496174071845364     
           1   9.8174770424681035E-002  0.38066387292911497      -0.84128530934365342     
           2  0.19634954084936207       0.75719633963294830      -0.86056294686152790     
           3  0.29452431127404310        1.1255197000336061      -0.89373948823784011     
           4  0.39269908169872414        1.4816574304668972      -0.94247310190547351     
           5  0.49087385212340517        1.8217545716596713       -1.0092723864838637     
           6  0.58904862254808621        2.1420237927773087       -1.0977133647496682     
           7  0.68722339297276724        2.4385335982966350       -1.2127637834289491     
           8  0.78539816339744828        2.7067040032389937       -1.3612509556416965     
           9  0.88357293382212931        2.9402911949017918       -1.5525099070908186     
          10  0.98174770424681035        3.1294924508725419       -1.7992125468754034     
          11   1.0799224746714913        3.2575514516249044       -2.1182168176799561     
          12   1.1780972450961724        3.2949702032513000       -2.5307288322764885     
          13   1.2762720155208536        3.1908462694353950       -3.0594918272074079     
          14   1.3744467859455345        2.8648503607694558       -3.7170602512358935     
          15   1.4726215563702154        2.2164983982195494       -4.4750699931723634     
          16   1.5707963267948966        1.1796679974049971       -5.2176223963738932     
          17   1.6689710972195777      -0.20118564392738847       -5.7454401001250339     
          18   1.7671458676442586       -1.7680524074885220       -5.9155920758582514     
          19   1.8653206380689396       -3.3234883135373785       -5.7736348338122490     
          20   1.9634954084936207       -4.7309452735699651       -5.4749759003559921     
          21   2.0616701789183018       -5.9622989026365563       -5.1455124096845912     
          22   2.1598449493429825       -7.0524629687196132       -4.8455165041278851     
          23   2.2580197197676637       -8.0455518976242182       -4.5931694081827095     
          24   2.3561944901923448       -8.9740890273520293       -4.3884256939320139     
          25   2.4543692606170260       -9.8572484202431312       -4.2253514729553858     
          26   2.5525440310417071       -10.703982153370738       -4.0971105420033584     
          27   2.6507188014663878       -11.516109981398110       -3.9976515093716478     
          28   2.7488935718910690       -12.290499338050356       -3.9221178483683081     
          29   2.8470683423157501       -13.020490832951381       -3.8668201364386721     
          30   2.9452431127404308       -13.696840335315670       -3.8290911969508379     
          31   3.0434178831651120       -14.308383289490585       -3.8071388431636608     
          32   3.1415926535897931       -14.842558994316377       -3.7999332881313292     
          33   3.2397674240144743       -15.285890666240206       -3.8071388431636608     
          34   3.3379421944391554       -15.624498528457103       -3.8290911969508379     
          35   3.4361169648638361       -15.844723217393579       -3.8668201364386721     
          36   3.5342917352885173       -15.933954782183434       -3.9221178483683081     
          37   3.6324665057131984       -15.881803423778678       -3.9976515093716478     
          38   3.7306412761378791       -15.681824384035700       -4.0971105420033584     
          39   3.8288160465625602       -15.334144024712906       -4.2253514729553858     
          40   3.9269908169872414       -14.849561014167392       -4.3884256939320139     
          41   4.0251655874119230       -14.256039120048491       -4.5931694081827095     
          42   4.1233403578366037       -13.608856194467116       -4.8455165041278851     
          43   4.2215151282612844       -13.005296716710259       -5.1455124096845912     
          44   4.3196898986859651       -12.601026403571840       -5.4749759003559921     
          45   4.4178646691106467       -12.613260565676370       -5.7736348338122490     
          46   4.5160394395353274       -13.282000050192114       -5.9155920758582514     
          47   4.6142142099600090       -14.786182712006038       -5.7454401001250339     
          48   4.7123889803846897       -17.161706681372053       -5.2176223963738932     
          49   4.8105637508093704       -20.274678750295259       -4.4750699931723634     
          50   4.9087385212340520       -23.921918095657915       -3.7170602512358935     
          51   5.0069132916587327       -27.950099676260223       -3.0594918272074079     
          52   5.1050880620834143       -32.256942110442566       -2.5307288322764885     
          53   5.2032628325080950       -36.751849282839885       -2.1182168176799561     
          54   5.3014376029327757       -41.337861566921958       -1.7992125468754034     
          55   5.3996123733574573       -45.909313493412796       -1.5525099070908186     
          56   5.4977871437821380       -50.354331951193558       -1.3612509556416965     
          57   5.5959619142068187       -54.558641698732586       -1.2127637834289491     
          58   5.6941366846315002       -58.409952715614565       -1.0977133647496682     
          59   5.7923114550561809       -61.802581981739166       -1.0092723864838637     
          60   5.8904862254808616       -64.641846428726353      -0.94247310190547351     
          61   5.9886609959055432       -66.847729393445974      -0.89373948823784011     
          62   6.0868357663302239       -68.357472066073171      -0.86056294686152790     
          63   6.1850105367549055       -69.127025356726108      -0.84128530934365342     
          64   6.2831853071795862       -69.131596158581999      -0.83496174071845364     
          65   6.3813600776042669       -68.365697610867898      -0.84128530934365342     
          66   6.4795348480289485       -66.843079386807261      -0.86056294686152790     
          67   6.5777096184536292       -64.596689993378817      -0.89373948823784011     
          68   6.6758843888783108       -61.678531567792476      -0.94247310190547351     
          69   6.7740591593029915       -58.159072838419775       -1.0092723864838637     
          70   6.8722339297276722       -54.125905130059920       -1.0977133647496682     
          71   6.9704087001523538       -49.681574502139213       -1.2127637834289491     
          72   7.0685834705770345       -44.940923944715507       -1.3612509556416965     
          73   7.1667582410017152       -40.028731103609161       -1.5525099070908186     
          74   7.2649330114263968       -35.078876665176765       -1.7992125468754034     
          75   7.3631077818510775       -30.236746379589974       -2.1182168176799561     
          76   7.4612825522757582       -25.667001703939931       -2.5307288322764885     
          77   7.5594573227004398       -21.568407137389364       -3.0594918272074079     
          78   7.6576320931251205       -18.192217374118968       -3.7170602512358935     
          79   7.7558068635498021       -15.841681953856131       -4.4750699931723634     
          80   7.8539816339744828       -14.802370686562028       -5.2176223963738932     
          81   7.9521564043991635       -15.188553999860758       -5.7454401001250339     
          82   8.0503311748238442       -16.818104865169119       -5.9155920758582514     
          83   8.1485059452485267       -19.260237192751092       -5.7736348338122490     
          84   8.2466807156732074       -22.062916950711738       -5.4749759003559921     
          85   8.3448554860978881       -24.929894521983343       -5.1455124096845912     
          86   8.4430302565225688       -27.713782131906271       -4.8455165041278851     
          87   8.5412050269472495       -30.347142915296871       -4.5931694081827095     
          88   8.6393797973719302       -32.797739068871394       -4.3884256939320139     
          89   8.7375545677966127       -35.048640865199133       -4.2253514729553858     
          90   8.8357293382212934       -37.089788690777127       -4.0971105420033584     
          91   8.9339041086459741       -38.914023386574826       -3.9976515093716478     
          92   9.0320788790706548       -40.514953458284140       -3.9221178483683081     
          93   9.1302536494953372       -41.885704883296256       -3.8668201364386721     
          94   9.2284284199200179       -43.018179199088422       -3.8290911969508379     
          95   9.3266031903446986       -43.902657245221349       -3.8071388431636608     
          96   9.4247779607693793       -44.527676982949089       -3.7999332881313292     
 surfarea=   89.313581417662093     
