 nbmag=          25
 thetain,bmagin=
  -3.14159265358979        1.22988487395201     
  -2.87979326579065        1.22075399426255     
  -2.61799387799149        1.19474846660697     
  -2.35619449019234        1.15558799549519     
  -2.09439510239319        1.10824801191822     
  -1.83259571459405        1.05778522901996     
  -1.57079632679490        1.00850577374393     
  -1.30899693899575       0.963613540689853     
  -1.04719755119660       0.925234724577446     
 -0.785398163397454       0.894637146145480     
 -0.523598775598306       0.872497062075483     
 -0.261799387799150       0.859131576719721     
  0.000000000000000E+000  0.854666014250625     
  0.261799387799147       0.859131576719721     
  0.523598775598303       0.872497062075483     
  0.785398163397452       0.894637146145480     
   1.04719755119660       0.925234724577445     
   1.30899693899575       0.963613540689852     
   1.57079632679490        1.00850577374393     
   1.83259571459405        1.05778522901996     
   2.09439510239319        1.10824801191822     
   2.35619449019234        1.15558799549519     
   2.61799387799149        1.19474846660697     
   2.87979326579064        1.22075399426255     
   3.14159265358979        1.22988487395201     
 alknob=  0.000000000000000E+000
 epsknob=  1.000000000000000E-005
 bpknob=  1.000000000000000E-008
 extrknob=  0.000000000000000E+000
 thetamax=  0.000000000000000E+000
 deltaw,widthw=  0.000000000000000E+000   1.00000000000000     
 tension=   1.00000000000000     
 ntheta,nlambda=          24          13
#gg4init - input grid - thetain bmagin 
    1  -3.14159265358979223       1.22988487395201251    
    2  -2.87979326579064709       1.22075399426254805    
    3  -2.61799387799148908       1.19474846660697143    
    4  -2.35619449019234484       1.15558799549518887    
    5  -2.09439510239319349       1.10824801191821942    
    6  -1.83259571459404702       1.05778522901996430    
    7  -1.57079632679489789       1.00850577374392847    
    8  -1.30899693899575253      0.963613540689853276    
    9  -1.04719755119660096      0.925234724577445711    
   10 -0.785398163397454496      0.894637146145479845    
   11 -0.523598775598305810      0.872497062075483387    
   12 -0.261799387799150407      0.859131576719721402    
   13   0.00000000000000000      0.854666014250625494    
   14  0.261799387799147409      0.859131576719721179    
   15  0.523598775598303368      0.872497062075483276    
   16  0.785398163397452387      0.894637146145479734    
   17   1.04719755119659919      0.925234724577445378    
   18   1.30899693899574765      0.963613540689852388    
   19   1.57079632679489922       1.00850577374392847    
   20   1.83259571459404702       1.05778522901996364    
   21   2.09439510239319437       1.10824801191821920    
   22   2.35619449019234084       1.15558799549518798    
   23   2.61799387799148819       1.19474846660697143    
   24   2.87979326579064399       1.22075399426254783    
   25   3.14159265358979045       1.22988487395201251    
#gg4start - starting grid - thetastart thetastart
    1  -3.14159265358979312      -3.14159265358979312    
    2   0.00000000000000000       0.00000000000000000    
    3  -3.05432619099007718      -3.05432619099007718    
    4  -2.96705972839036214      -2.96705972839036214    
    5  -2.87979326579064709      -2.87979326579064709    
    6  -2.79252680319092761      -2.79252680319092761    
    7  -2.70526034059120857      -2.70526034059120857    
    8  -2.61799387799148908      -2.61799387799148908    
    9  -2.53072741539177448      -2.53072741539177448    
   10  -2.44346095279205944      -2.44346095279205944    
   11  -2.35619449019234484      -2.35619449019234484    
   12  -2.26892802759262757      -2.26892802759262757    
   13  -2.18166156499291075      -2.18166156499291075    
   14  -2.09439510239319349      -2.09439510239319349    
   15  -2.00712863979347800      -2.00712863979347800    
   16  -1.91986217719376251      -1.91986217719376251    
   17  -1.83259571459404702      -1.83259571459404702    
   18  -1.74532925199433064      -1.74532925199433064    
   19  -1.65806278939461427      -1.65806278939461427    
   20  -1.57079632679489789      -1.57079632679489789    
   21  -1.48352986419518285      -1.48352986419518285    
   22  -1.39626340159546758      -1.39626340159546758    
   23  -1.30899693899575253      -1.30899693899575253    
   24  -1.22173047639603527      -1.22173047639603527    
   25  -1.13446401379631823      -1.13446401379631823    
   26  -1.04719755119660096      -1.04719755119660096    
   27 -0.959931088596885473     -0.959931088596885473    
   28 -0.872664625997169985     -0.872664625997169985    
   29 -0.785398163397454496     -0.785398163397454496    
   30 -0.698131700797738231     -0.698131700797738231    
   31 -0.610865238198022076     -0.610865238198022076    
   32 -0.523598775598305810     -0.523598775598305810    
   33 -0.436332312998587324     -0.436332312998587324    
   34 -0.349065850398868893     -0.349065850398868893    
   35 -0.261799387799150407     -0.261799387799150407    
   36 -0.174532925199433614     -0.174532925199433614    
   37 -0.872664625997168208E-01 -0.872664625997168208E-01
   38  0.872664625997157939E-01  0.872664625997157939E-01
   39  0.174532925199431588      0.174532925199431588    
   40  0.261799387799147409      0.261799387799147409    
   41  0.349065850398866062      0.349065850398866062    
   42  0.436332312998584715      0.436332312998584715    
   43  0.523598775598303368      0.523598775598303368    
   44  0.610865238198019744      0.610865238198019744    
   45  0.698131700797736010      0.698131700797736010    
   46  0.785398163397452387      0.785398163397452387    
   47  0.872664625997167986      0.872664625997167986    
   48  0.959931088596883586      0.959931088596883586    
   49   1.04719755119659919       1.04719755119659919    
   50   1.13446401379631534       1.13446401379631534    
   51   1.22173047639603150       1.22173047639603150    
   52   1.30899693899574765       1.30899693899574765    
   53   1.39626340159546491       1.39626340159546491    
   54   1.48352986419518196       1.48352986419518196    
   55   1.57079632679489922       1.57079632679489922    
   56   1.65806278939461516       1.65806278939461516    
   57   1.74532925199433109       1.74532925199433109    
   58   1.83259571459404702       1.83259571459404702    
   59   1.91986217719376273       1.91986217719376273    
   60   2.00712863979347844       2.00712863979347844    
   61   2.09439510239319437       2.09439510239319437    
   62   2.18166156499290986       2.18166156499290986    
   63   2.26892802759262535       2.26892802759262535    
   64   2.35619449019234084       2.35619449019234084    
   65   2.44346095279205677       2.44346095279205677    
   66   2.53072741539177226       2.53072741539177226    
   67   2.61799387799148819       2.61799387799148819    
   68   2.70526034059120679       2.70526034059120679    
   69   2.79252680319092539       2.79252680319092539    
   70   2.87979326579064399       2.87979326579064399    
   71   2.96705972839035947       2.96705972839035947    
   72   3.05432619099007496       3.05432619099007496    
#gg4start - starting field - bmagstart bmagstart
    1   1.22988487395201251       1.22988487395201251    
    2  0.854666014250625494      0.854666014250625494    
    3   1.22881479483198297       1.22881479483198297    
    4   1.22575211761511782       1.22575211761511782    
    5   1.22075399426254805       1.22075399426254805    
    6   1.21378168783864182       1.21378168783864182    
    7   1.20506237277266237       1.20506237277266237    
    8   1.19474846660697143       1.19474846660697143    
    9   1.18290373781511993       1.18290373781511993    
   10   1.16978296375162216       1.16978296375162216    
   11   1.15558799549518887       1.15558799549518887    
   12   1.14045110723373799       1.14045110723373799    
   13   1.12460361007815779       1.12460361007815779    
   14   1.10824801191821942       1.10824801191821942    
   15   1.09154361879158279       1.09154361879158279    
   16   1.07466603696075103       1.07466603696075103    
   17   1.05778522901996430       1.05778522901996430    
   18   1.04105562888206182       1.04105562888206182    
   19   1.02458762464351105       1.02458762464351105    
   20   1.00850577374392847       1.00850577374392847    
   21  0.992943264288797756      0.992943264288797756    
   22  0.977952065320898289      0.977952065320898289    
   23  0.963613540689853276      0.963613540689853276    
   24  0.950036012100397231      0.950036012100397231    
   25  0.937227182620184340      0.937227182620184340    
   26  0.925234724577445711      0.925234724577445711    
   27  0.914145632946788078      0.914145632946788078    
   28  0.903938147463014041      0.903938147463014041    
   29  0.894637146145479845      0.894637146145479845    
   30  0.886314326495768579      0.886314326495768579    
   31  0.878930528885790818      0.878930528885790818    
   32  0.872497062075483387      0.872497062075483387    
   33  0.867076129223046776      0.867076129223046776    
   34  0.862619541653169897      0.862619541653169897    
   35  0.859131576719721402      0.859131576719721402    
   36  0.856669329709548344      0.856669329709548344    
   37  0.855180468789892623      0.855180468789892623    
   38  0.855180468789892512      0.855180468789892512    
   39  0.856669329709548122      0.856669329709548122    
   40  0.859131576719721179      0.859131576719721179    
   41  0.862619541653169675      0.862619541653169675    
   42  0.867076129223046332      0.867076129223046332    
   43  0.872497062075483276      0.872497062075483276    
   44  0.878930528885790818      0.878930528885790818    
   45  0.886314326495768579      0.886314326495768579    
   46  0.894637146145479734      0.894637146145479734    
   47  0.903938147463013708      0.903938147463013708    
   48  0.914145632946787967      0.914145632946787967    
   49  0.925234724577445378      0.925234724577445378    
   50  0.937227182620184007      0.937227182620184007    
   51  0.950036012100396565      0.950036012100396565    
   52  0.963613540689852499      0.963613540689852499    
   53  0.977952065320897734      0.977952065320897734    
   54  0.992943264288797423      0.992943264288797423    
   55   1.00850577374392847       1.00850577374392847    
   56   1.02458762464351083       1.02458762464351083    
   57   1.04105562888206138       1.04105562888206138    
   58   1.05778522901996364       1.05778522901996364    
   59   1.07466603696075036       1.07466603696075036    
   60   1.09154361879158257       1.09154361879158257    
   61   1.10824801191821920       1.10824801191821920    
   62   1.12460361007815735       1.12460361007815735    
   63   1.14045110723373733       1.14045110723373733    
   64   1.15558799549518798       1.15558799549518798    
   65   1.16978296375162127       1.16978296375162127    
   66   1.18290373781511970       1.18290373781511970    
   67   1.19474846660697143       1.19474846660697143    
   68   1.20506237277266237       1.20506237277266237    
   69   1.21378168783864182       1.21378168783864182    
   70   1.22075399426254783       1.22075399426254783    
   71   1.22575211761511760       1.22575211761511760    
   72   1.22881479483198297       1.22881479483198297    
#gg4start - essentialstart
           1 T
           2 T
           3 F
           4 F
           5 F
           6 F
           7 F
           8 F
           9 F
          10 F
          11 F
          12 F
          13 F
          14 F
          15 F
          16 F
          17 F
          18 F
          19 F
          20 F
          21 F
          22 F
          23 F
          24 F
          25 F
          26 F
          27 F
          28 F
          29 F
          30 F
          31 F
          32 F
          33 F
          34 F
          35 F
          36 F
          37 F
          38 F
          39 F
          40 F
          41 F
          42 F
          43 F
          44 F
          45 F
          46 F
          47 F
          48 F
          49 F
          50 F
          51 F
          52 F
          53 F
          54 F
          55 F
          56 F
          57 F
          58 F
          59 F
          60 F
          61 F
          62 F
          63 F
          64 F
          65 F
          66 F
          67 F
          68 F
          69 F
          70 F
          71 F
          72 F
# gg4collect - bmagset bmagset
    1   1.22988487395201251       1.22988487395201251    
    2  0.854666014250625494      0.854666014250625494    
    3   1.22881479483198297       1.22881479483198297    
    4   1.22575211761511782       1.22575211761511782    
    5   1.22075399426254805       1.22075399426254805    
    6   1.21378168783864182       1.21378168783864182    
    7   1.20506237277266237       1.20506237277266237    
    8   1.19474846660697143       1.19474846660697143    
    9   1.18290373781511993       1.18290373781511993    
   10   1.16978296375162216       1.16978296375162216    
   11   1.15558799549518887       1.15558799549518887    
   12   1.14045110723373799       1.14045110723373799    
   13   1.12460361007815779       1.12460361007815779    
   14   1.10824801191821942       1.10824801191821942    
   15   1.09154361879158279       1.09154361879158279    
   16   1.07466603696075103       1.07466603696075103    
   17   1.05778522901996430       1.05778522901996430    
   18   1.04105562888206182       1.04105562888206182    
   19   1.02458762464351105       1.02458762464351105    
   20   1.00850577374392847       1.00850577374392847    
   21  0.992943264288797756      0.992943264288797756    
   22  0.977952065320898289      0.977952065320898289    
   23  0.963613540689853276      0.963613540689853276    
   24  0.950036012100397231      0.950036012100397231    
   25  0.937227182620184340      0.937227182620184340    
   26  0.925234724577445711      0.925234724577445711    
   27  0.914145632946788078      0.914145632946788078    
   28  0.903938147463014041      0.903938147463014041    
   29  0.894637146145479845      0.894637146145479845    
   30  0.886314326495768579      0.886314326495768579    
   31  0.878930528885790818      0.878930528885790818    
   32  0.872497062075483387      0.872497062075483387    
   33  0.867076129223046776      0.867076129223046776    
   34  0.862619541653169897      0.862619541653169897    
   35  0.859131576719721402      0.859131576719721402    
   36  0.856669329709548344      0.856669329709548344    
   37  0.855180468789892623      0.855180468789892623    
   38  0.855180468789892512      0.855180468789892512    
   39  0.856669329709548122      0.856669329709548122    
   40  0.859131576719721179      0.859131576719721179    
   41  0.862619541653169675      0.862619541653169675    
   42  0.867076129223046332      0.867076129223046332    
   43  0.872497062075483276      0.872497062075483276    
   44  0.878930528885790818      0.878930528885790818    
   45  0.886314326495768579      0.886314326495768579    
   46  0.894637146145479734      0.894637146145479734    
   47  0.903938147463013708      0.903938147463013708    
   48  0.914145632946787967      0.914145632946787967    
   49  0.925234724577445378      0.925234724577445378    
   50  0.937227182620184007      0.937227182620184007    
   51  0.950036012100396565      0.950036012100396565    
   52  0.963613540689852499      0.963613540689852499    
   53  0.977952065320897734      0.977952065320897734    
   54  0.992943264288797423      0.992943264288797423    
   55   1.00850577374392847       1.00850577374392847    
   56   1.02458762464351083       1.02458762464351083    
   57   1.04105562888206138       1.04105562888206138    
   58   1.05778522901996364       1.05778522901996364    
   59   1.07466603696075036       1.07466603696075036    
   60   1.09154361879158257       1.09154361879158257    
   61   1.10824801191821920       1.10824801191821920    
   62   1.12460361007815735       1.12460361007815735    
   63   1.14045110723373733       1.14045110723373733    
   64   1.15558799549518798       1.15558799549518798    
   65   1.16978296375162127       1.16978296375162127    
   66   1.18290373781511970       1.18290373781511970    
   67   1.19474846660697143       1.19474846660697143    
   68   1.20506237277266237       1.20506237277266237    
   69   1.21378168783864182       1.21378168783864182    
   70   1.22075399426254783       1.22075399426254783    
   71   1.22575211761511760       1.22575211761511760    
   72   1.22881479483198297       1.22881479483198297    
# gg4collect - thetasetset ibmagsetset icollsetset
    1  -3.14159265358979312        1          2
    2   0.00000000000000000        2          2
    3  -3.05432619099007718        3          2
    4   3.05432619099007940        3       3222
    5  -2.96705972839036214        4          2
    6   2.96705972839036392        4       3222
    7  -2.87979326579064709        5          2
    8   2.87979326579064754        5       3222
    9  -2.79252680319092761        6          2
   10   2.79252680319092494        6       3222
   11  -2.70526034059120857        7          2
   12   2.70526034059120590        7       3222
   13  -2.61799387799148908        8          2
   14   2.61799387799148819        8        331
   15  -2.53072741539177448        9          2
   16   2.53072741539177315        9       3222
   17  -2.44346095279205944       10          2
   18   2.44346095279206210       10       3222
   19  -2.35619449019234484       11          2
   20   2.35619449019234661       11       3222
   21  -2.26892802759262757       12          2
   22   2.26892802759262846       12       3222
   23  -2.18166156499291075       13          2
   24   2.18166156499291208       13       3222
   25  -2.09439510239319349       14          2
   26   2.09439510239319571       14       3222
   27  -2.00712863979347800       15          2
   28   2.00712863979347933       15       3222
   29  -1.91986217719376251       16          2
   30   1.91986217719376606       16       3222
   31  -1.83259571459404702       17          2
   32   1.83259571459405080       17       3222
   33  -1.74532925199433064       18          2
   34   1.74532925199433420       18       3222
   35  -1.65806278939461427       19          2
   36   1.65806278939461738       19       3222
   37  -1.57079632679489789       20          2
   38   1.57079632679489922       20        331
   39  -1.48352986419518285       21          2
   40   1.48352986419518418       21       3222
   41  -1.39626340159546758       22          2
   42   1.39626340159546825       22       3222
   43  -1.30899693899575253       23          2
   44   1.30899693899575364       23       3222
   45  -1.22173047639603527       24          2
   46   1.22173047639603682       24       3222
   47  -1.13446401379631823       25          2
   48   1.13446401379631867       25       3222
   49  -1.04719755119660096       26          2
   50   1.04719755119660096       26       3222
   51 -0.959931088596885473       27          2
   52  0.959931088596885251       27       3222
   53 -0.872664625997169985       28          2
   54  0.872664625997169985       28       3222
   55 -0.785398163397454496       29          2
   56  0.785398163397453386       29       3222
   57 -0.698131700797738231       30          2
   58  0.698131700797737231       30       3222
   59 -0.610865238198022076       31          2
   60  0.610865238198020410       31       3222
   61 -0.523598775598305810       32          2
   62  0.523598775598304256       32       3222
   63 -0.436332312998587324       33          2
   64  0.436332312998589655       33       3222
   65 -0.349065850398868893       34          2
   66  0.349065850398870281       34       3222
   67 -0.261799387799150407       35          2
   68  0.261799387799153016       35       3222
   69 -0.174532925199433614       36          2
   70  0.174532925199444022       36       3222
   71 -0.872664625997168208E-01   37          2
   72  0.872664625997108534E-01   37       3222
   73  0.872664625997157939E-01   38          2
   74 -0.872664625997044141E-01   38       3122
   75  0.174532925199431588       39          2
   76 -0.174532925199427424       39       3122
   77  0.261799387799147409       40          2
   78 -0.261799387799142913       40       3122
   79  0.349065850398866062       41          2
   80 -0.349065850398865840       41       3122
   81  0.436332312998584715       42          2
   82 -0.436332312998582106       42       3122
   83  0.523598775598303368       43          2
   84 -0.523598775598303923       43       3122
   85  0.610865238198019744       44          2
   86 -0.610865238198022631       44       3122
   87  0.698131700797736010       45          2
   88 -0.698131700797738564       45       3122
   89  0.785398163397452387       46          2
   90 -0.785398163397453608       46       3122
   91  0.872664625997167986       47          2
   92 -0.872664625997167986       47       3122
   93  0.959931088596883586       48          2
   94 -0.959931088596884363       48       3122
   95   1.04719755119659919       49          2
   96  -1.04719755119659830       49       3122
   97   1.13446401379631534       50          2
   98  -1.13446401379631467       50       3122
   99   1.22173047639603150       51          2
  100  -1.22173047639603194       51       3122
  101   1.30899693899574765       52          2
  102  -1.30899693899574787       52       3122
  103   1.39626340159546491       53          2
  104  -1.39626340159546514       53       3122
  105   1.48352986419518196       54          2
  106  -1.48352986419518107       54       3122
  107   1.57079632679489922       55          2
  108  -1.57079632679489789       55        331
  109   1.65806278939461516       56          2
  110  -1.65806278939461293       56       3122
  111   1.74532925199433109       57          2
  112  -1.74532925199432754       57       3122
  113   1.83259571459404702       58          2
  114  -1.83259571459404258       58       3122
  115   1.91986217719376273       59          2
  116  -1.91986217719375940       59       3122
  117   2.00712863979347844       60          2
  118  -2.00712863979347667       60       3122
  119   2.09439510239319437       61          2
  120  -2.09439510239319215       61       3122
  121   2.18166156499290986       62          2
  122  -2.18166156499290853       62       3122
  123   2.26892802759262535       63          2
  124  -2.26892802759262402       63       3122
  125   2.35619449019234084       64          2
  126  -2.35619449019233951       64       3122
  127   2.44346095279205677       65          2
  128  -2.44346095279205500       65       3122
  129   2.53072741539177226       66          2
  130  -2.53072741539177226       66       3122
  131   2.61799387799148819       67          2
  132  -2.61799387799148908       67        331
  133   2.70526034059120679       68          2
  134  -2.70526034059120857       68       3122
  135   2.79252680319092539       69          2
  136  -2.79252680319092494       69       3122
  137   2.87979326579064399       70          2
  138  -2.87979326579064132       70       3122
  139   2.96705972839035947       71          2
  140  -2.96705972839035415       71       3122
  141   3.05432619099007496       72          2
  142  -3.05432619099007407       72       3122
#gg4sort - thetasetset ithetasort ithetasort
    1  -3.14159265358979312        1          1
    2   0.00000000000000000        3          3
    3  -3.05432619099007718      142        142
    4   3.05432619099007940        5          5
    5  -2.96705972839036214      140        140
    6   2.96705972839036392      138        138
    7  -2.87979326579064709        7          7
    8   2.87979326579064754        9          9
    9  -2.79252680319092761      136        136
   10   2.79252680319092494       11         11
   11  -2.70526034059120857      134        134
   12   2.70526034059120590      132        132
   13  -2.61799387799148908       13         13
   14   2.61799387799148819       15         15
   15  -2.53072741539177448      130        130
   16   2.53072741539177315       17         17
   17  -2.44346095279205944      128        128
   18   2.44346095279206210      126        126
   19  -2.35619449019234484       19         19
   20   2.35619449019234661      124        124
   21  -2.26892802759262757       21         21
   22   2.26892802759262846      122        122
   23  -2.18166156499291075       23         23
   24   2.18166156499291208      120        120
   25  -2.09439510239319349       25         25
   26   2.09439510239319571      118        118
   27  -2.00712863979347800       27         27
   28   2.00712863979347933      116        116
   29  -1.91986217719376251       29         29
   30   1.91986217719376606       31         31
   31  -1.83259571459404702      114        114
   32   1.83259571459405080      112        112
   33  -1.74532925199433064       33         33
   34   1.74532925199433420      110        110
   35  -1.65806278939461427       35         35
   36   1.65806278939461738      108        108
   37  -1.57079632679489789       37         37
   38   1.57079632679489922      106        106
   39  -1.48352986419518285       39         39
   40   1.48352986419518418      104        104
   41  -1.39626340159546758       41         41
   42   1.39626340159546825      102        102
   43  -1.30899693899575253       43         43
   44   1.30899693899575364      100        100
   45  -1.22173047639603527       45         45
   46   1.22173047639603682       98         98
   47  -1.13446401379631823       47         47
   48   1.13446401379631867       49         49
   49  -1.04719755119660096       96         96
   50   1.04719755119660096       51         51
   51 -0.959931088596885473       94         94
   52  0.959931088596885251       53         53
   53 -0.872664625997169985       92         92
   54  0.872664625997169985       55         55
   55 -0.785398163397454496       90         90
   56  0.785398163397453386       57         57
   57 -0.698131700797738231       88         88
   58  0.698131700797737231       59         59
   59 -0.610865238198022076       86         86
   60  0.610865238198020410       61         61
   61 -0.523598775598305810       84         84
   62  0.523598775598304256       63         63
   63 -0.436332312998587324       82         82
   64  0.436332312998589655       80         80
   65 -0.349065850398868893       65         65
   66  0.349065850398870281       78         78
   67 -0.261799387799150407       67         67
   68  0.261799387799153016       76         76
   69 -0.174532925199433614       69         69
   70  0.174532925199444022       74         74
   71 -0.872664625997168208E-01   71         71
   72  0.872664625997108534E-01    2          2
   73  0.872664625997157939E-01   73         73
   74 -0.872664625997044141E-01   72         72
   75  0.174532925199431588       75         75
   76 -0.174532925199427424       70         70
   77  0.261799387799147409       77         77
   78 -0.261799387799142913       68         68
   79  0.349065850398866062       79         79
   80 -0.349065850398865840       66         66
   81  0.436332312998584715       81         81
   82 -0.436332312998582106       64         64
   83  0.523598775598303368       62         62
   84 -0.523598775598303923       83         83
   85  0.610865238198019744       60         60
   86 -0.610865238198022631       85         85
   87  0.698131700797736010       58         58
   88 -0.698131700797738564       87         87
   89  0.785398163397452387       56         56
   90 -0.785398163397453608       89         89
   91  0.872664625997167986       54         54
   92 -0.872664625997167986       91         91
   93  0.959931088596883586       52         52
   94 -0.959931088596884363       93         93
   95   1.04719755119659919       50         50
   96  -1.04719755119659830       95         95
   97   1.13446401379631534       97         97
   98  -1.13446401379631467       48         48
   99   1.22173047639603150       99         99
  100  -1.22173047639603194       46         46
  101   1.30899693899574765      101        101
  102  -1.30899693899574787       44         44
  103   1.39626340159546491      103        103
  104  -1.39626340159546514       42         42
  105   1.48352986419518196      105        105
  106  -1.48352986419518107       40         40
  107   1.57079632679489922      107        107
  108  -1.57079632679489789       38         38
  109   1.65806278939461516      109        109
  110  -1.65806278939461293       36         36
  111   1.74532925199433109      111        111
  112  -1.74532925199432754       34         34
  113   1.83259571459404702      113        113
  114  -1.83259571459404258       32         32
  115   1.91986217719376273       30         30
  116  -1.91986217719375940      115        115
  117   2.00712863979347844      117        117
  118  -2.00712863979347667       28         28
  119   2.09439510239319437      119        119
  120  -2.09439510239319215       26         26
  121   2.18166156499290986      121        121
  122  -2.18166156499290853       24         24
  123   2.26892802759262535      123        123
  124  -2.26892802759262402       22         22
  125   2.35619449019234084      125        125
  126  -2.35619449019233951       20         20
  127   2.44346095279205677      127        127
  128  -2.44346095279205500       18         18
  129   2.53072741539177226       16         16
  130  -2.53072741539177226      129        129
  131   2.61799387799148819       14         14
  132  -2.61799387799148908      131        131
  133   2.70526034059120679       12         12
  134  -2.70526034059120857      133        133
  135   2.79252680319092539       10         10
  136  -2.79252680319092494      135        135
  137   2.87979326579064399      137        137
  138  -2.87979326579064132        8          8
  139   2.96705972839035947        6          6
  140  -2.96705972839035415      139        139
  141   3.05432619099007496      141        141
  142  -3.05432619099007407        4          4
#gg4sort - bmagset ibmagsort ibmagsort
    1   1.22988487395201251        2          2
    2  0.854666014250625494       37         37
    3   1.22881479483198297       38         38
    4   1.22575211761511782       39         39
    5   1.22075399426254805       36         36
    6   1.21378168783864182       35         35
    7   1.20506237277266237       40         40
    8   1.19474846660697143       34         34
    9   1.18290373781511993       41         41
   10   1.16978296375162216       33         33
   11   1.15558799549518887       42         42
   12   1.14045110723373799       43         43
   13   1.12460361007815779       32         32
   14   1.10824801191821942       31         31
   15   1.09154361879158279       44         44
   16   1.07466603696075103       45         45
   17   1.05778522901996430       30         30
   18   1.04105562888206182       29         29
   19   1.02458762464351105       46         46
   20   1.00850577374392847       47         47
   21  0.992943264288797756       28         28
   22  0.977952065320898289       27         27
   23  0.963613540689853276       48         48
   24  0.950036012100397231       26         26
   25  0.937227182620184340       49         49
   26  0.925234724577445711       25         25
   27  0.914145632946788078       50         50
   28  0.903938147463014041       51         51
   29  0.894637146145479845       24         24
   30  0.886314326495768579       52         52
   31  0.878930528885790818       23         23
   32  0.872497062075483387       53         53
   33  0.867076129223046776       22         22
   34  0.862619541653169897       54         54
   35  0.859131576719721402       21         21
   36  0.856669329709548344       55         55
   37  0.855180468789892623       20         20
   38  0.855180468789892512       56         56
   39  0.856669329709548122       19         19
   40  0.859131576719721179       57         57
   41  0.862619541653169675       18         18
   42  0.867076129223046332       58         58
   43  0.872497062075483276       17         17
   44  0.878930528885790818       59         59
   45  0.886314326495768579       16         16
   46  0.894637146145479734       15         15
   47  0.903938147463013708       60         60
   48  0.914145632946787967       61         61
   49  0.925234724577445378       14         14
   50  0.937227182620184007       62         62
   51  0.950036012100396565       13         13
   52  0.963613540689852499       63         63
   53  0.977952065320897734       12         12
   54  0.992943264288797423       11         11
   55   1.00850577374392847       64         64
   56   1.02458762464351083       10         10
   57   1.04105562888206138       65         65
   58   1.05778522901996364        9          9
   59   1.07466603696075036       66         66
   60   1.09154361879158257        8          8
   61   1.10824801191821920       67         67
   62   1.12460361007815735        7          7
   63   1.14045110723373733       68         68
   64   1.15558799549518798        6          6
   65   1.16978296375162127       69         69
   66   1.18290373781511970        5          5
   67   1.19474846660697143       70         70
   68   1.20506237277266237        4          4
   69   1.21378168783864182       71         71
   70   1.22075399426254783        3          3
   71   1.22575211761511760       72         72
   72   1.22881479483198297        1          1
#gg4metrics - thetares alambdares
    1  0.200000000000000000E+21  0.126466443910599438E-02
    2  0.100000000000000000E+21  0.957593509483793117E-03
    3   0.00000000000000000       0.00000000000000000    
    4   0.00000000000000000       0.00000000000000000    
    5   0.00000000000000000      0.338662754405514927E-09
    6   0.00000000000000000       0.00000000000000000    
    7   0.00000000000000000       0.00000000000000000    
    8   0.00000000000000000       0.00000000000000000    
    9   0.00000000000000000       0.00000000000000000    
   10   0.00000000000000000       0.00000000000000000    
   11   0.00000000000000000      0.774375553506379011E-09
   12   0.00000000000000000       0.00000000000000000    
   13   0.00000000000000000       0.00000000000000000    
   14   0.00000000000000000      0.876538785448420628E-09
   15   0.00000000000000000       0.00000000000000000    
   16   0.00000000000000000       0.00000000000000000    
   17   0.00000000000000000      0.157072000985241875E-08
   18   0.00000000000000000       0.00000000000000000    
   19   0.00000000000000000       0.00000000000000000    
   20   0.00000000000000000       0.00000000000000000    
   21   0.00000000000000000       0.00000000000000000    
   22   0.00000000000000000       0.00000000000000000    
   23   0.00000000000000000      0.135465085091539584E-08
   24   0.00000000000000000       0.00000000000000000    
   25   0.00000000000000000       0.00000000000000000    
   26   0.00000000000000000      0.677732583710544469E-09
   27   0.00000000000000000       0.00000000000000000    
   28   0.00000000000000000       0.00000000000000000    
   29   0.00000000000000000      0.878059343976542398E-09
   30   0.00000000000000000       0.00000000000000000    
   31   0.00000000000000000       0.00000000000000000    
   32   0.00000000000000000      0.210734216601027902E-08
   33   0.00000000000000000       0.00000000000000000    
   34   0.00000000000000000       0.00000000000000000    
   35   0.00000000000000000      0.372529029846066419E-08
   36   0.00000000000000000       0.00000000000000000    
   37   0.00000000000000000       0.00000000000000000    
   38   0.00000000000000000       0.00000000000000000    
   39   0.00000000000000000       0.00000000000000000    
   40   0.00000000000000000      0.496705256731074794E-08
   41   0.00000000000000000       0.00000000000000000    
   42   0.00000000000000000       0.00000000000000000    
   43   0.00000000000000000       0.00000000000000000    
   44   0.00000000000000000       0.00000000000000000    
   45   0.00000000000000000       0.00000000000000000    
   46   0.00000000000000000      0.150524443331803170E-08
   47   0.00000000000000000       0.00000000000000000    
   48   0.00000000000000000       0.00000000000000000    
   49   0.00000000000000000      0.857045344027857223E-09
   50   0.00000000000000000       0.00000000000000000    
   51   0.00000000000000000       0.00000000000000000    
   52   0.00000000000000000      0.745058059692132839E-09
   53   0.00000000000000000       0.00000000000000000    
   54   0.00000000000000000       0.00000000000000000    
   55   0.00000000000000000       0.00000000000000000    
   56   0.00000000000000000       0.00000000000000000    
   57   0.00000000000000000       0.00000000000000000    
   58   0.00000000000000000       0.00000000000000000    
   59   0.00000000000000000       0.00000000000000000    
   60   0.00000000000000000       0.00000000000000000    
   61   0.00000000000000000       0.00000000000000000    
   62   0.00000000000000000       0.00000000000000000    
   63   0.00000000000000000       0.00000000000000000    
   64   0.00000000000000000      0.146723751954159357E-08
   65   0.00000000000000000       0.00000000000000000    
   66   0.00000000000000000       0.00000000000000000    
   67   0.00000000000000000       0.00000000000000000    
   68   0.00000000000000000       0.00000000000000000    
   69   0.00000000000000000       0.00000000000000000    
   70   0.00000000000000000      0.647876422460054287E-09
   71   0.00000000000000000       0.00000000000000000    
   72   0.00000000000000000       0.00000000000000000    
#gg4results - output grid - thetagrid thetagrid
    1  -3.14159265358979312       1.22988487395201251    
    2  -2.96705972839035415       1.22575211761511760    
    3  -2.79252680319092494       1.21378168783864182    
    4  -2.61799387799148908       1.19474846660697143    
    5  -2.44346095279205500       1.16978296375162127    
    6  -2.26892802759262402       1.14045110723373733    
    7  -2.09439510239319215       1.10824801191821920    
    8  -1.74532925199432754       1.04105562888206138    
    9  -1.39626340159546514      0.977952065320897734    
   10  -1.04719755119659830      0.925234724577445378    
   11 -0.698131700797738564      0.886314326495768579    
   12 -0.349065850398865840      0.862619541653169675    
   13   0.00000000000000000      0.854666014250625494    
   14  0.349065850398866062      0.862619541653169675    
   15  0.698131700797736010      0.886314326495768579    
   16   1.04719755119659919      0.925234724577445378    
   17   1.39626340159546491      0.977952065320897734    
   18   1.74532925199433109       1.04105562888206138    
   19   2.09439510239319437       1.10824801191821920    
   20   2.26892802759262535       1.14045110723373733    
   21   2.44346095279205677       1.16978296375162127    
   22   2.61799387799148819       1.19474846660697143    
   23   2.79252680319092539       1.21378168783864182    
   24   2.96705972839035947       1.22575211761511760    
   25   3.14159265358979312       1.22988487395201251    
#gg4results - output 1/lambda - bset bset
    1   1.22988487395201251       1.22988487395201251    
    2   1.22575211761511760       1.22575211761511760    
    3   1.21378168783864182       1.21378168783864182    
    4   1.19474846660697143       1.19474846660697143    
    5   1.16978296375162127       1.16978296375162127    
    6   1.14045110723373733       1.14045110723373733    
    7   1.10824801191821920       1.10824801191821920    
    8   1.04105562888206138       1.04105562888206138    
    9  0.977952065320897734      0.977952065320897734    
   10  0.925234724577445378      0.925234724577445378    
   11  0.886314326495768579      0.886314326495768579    
   12  0.862619541653169675      0.862619541653169675    
   13  0.854666014250625494      0.854666014250625494    
